Compound,subname,Method,C11,C12,C13,C14,C15,C16,C21,C22,C23,C24,C25,C26,C31,C32,C33,C34,C35,C36,C41,C42,C43,C44,C45,C46,C51,C52,C53,C54,C55,C56,C61,C62,C63,C64,C65,C66
"1,2,4,5-tetrabromobenzene",Dye,Exp,14.25,12.58,5.24,0,4.94,0,12.58,13.8,3.17,0,6.18,0,5.24,3.17,13.93,0,-0.26,0,0,0,0,6.54,0,5.87,4.94,6.18,-0.26,0,4.98,0,0,0,0,5.87,0,10.51
"1,3-dinitrobenzene",Sarkar,Exp,10.7,6.3,1.95,0,0,0,6.3,11.3,3.19,0,0,0,1.95,3.19,20.27,0,0,0,0,0,0,4.37,0,0,0,0,0,0,2.04,0,0,0,0,0,0,5.31
"1,3,5-trichlorobenzene ",Swans,Exp,8.03,4.47,3.85,0,0,0,4.47,10.98,3.88,0,0,0,3.85,3.88,7.89,0,0,0,0,0,0,3.49,0,0,0,0,0,0,3.75,0,0,0,0,0,0,3.38
3-nitroaniline,Bain,Exp,13.91,6.27,9.73,0,0,0,6.27,10.47,14.07,0,0,0,9.73,14.07,22.07,0,0,0,0,0,0,4.64,0,0,0,0,0,0,12.17,0,0,0,0,0,0,4.26
acenaphthene,Chatterjee,Exp,11.05,-1.93,3.34,0,0,0,-1.93,10.26,2.34,0,0,0,3.34,2.34,9.4,0,0,0,0,0,0,4.25,0,0,0,0,0,0,3.69,0,0,0,0,0,0,4.87
acenaphthene,Haussuhl,Exp,12.39,2.81,3.49,0,0,0,2.81,13.72,4.09,0,0,0,3.49,4.09,11.09,0,0,0,0,0,0,2.95,0,0,0,0,0,0,2.65,0,0,0,0,0,0,1.84
acenaphthene,Michard,Exp,13.8,2.1,4.1,0,0,0,2.1,12.62,4.6,0,0,0,4.1,4.6,11.17,0,0,0,0,0,0,2.65,0,0,0,0,0,0,2.9,0,0,0,0,0,0,1.85
anthracene,Afanaseva,Exp,8.52,6.72,5.9,0,-1.92,0,6.72,11.7,3.75,0,-1.7,0,5.9,3.75,15.22,0,-1.87,0,0,0,0,2.72,0,1.38,-1.92,-1.7,-1.87,0,2.82,0,0,0,0,1.38,0,3.99
anthracene,Danno,Exp,8.92,4.63,4.49,0,-2.58,0,4.63,13.8,8.44,0,-2.59,0,4.49,8.44,17,0,-2.88,0,0,0,0,2.42,0,1.14,-2.58,-2.59,-2.88,0,2.84,0,0,0,0,1.14,0,3.16
anthracene,Dye,Exp,9.17,4.1,5.68,0,-0.73,0,4.1,9.79,4.12,0,-3.35,0,5.68,4.12,17.88,0,-0.51,0,0,0,0,2.18,0,1.06,-0.73,-3.35,-0.51,0,1.95,0,0,0,0,1.06,0,3.98
anthracene,Huntington,Exp,7.2,4,3.3,0,3.3,0,4,11.6,8,0,0,0,3.3,8,17.2,0,-1.6,0,0,0,0,2.7,0,1.3,3.3,0,-1.6,0,3.6,0,0,0,0,1.3,0,4.2
aspirin,Bauer (plane wave},Exp,11.55,7.73,4.98,0,-0.49,0,7.73,11.36,5.44,0,0.28,0,4.98,5.44,10.68,0,-0.42,0,0,0,0,3.67,0,-0.08,-0.49,0.28,-0.42,0,2.68,0,0,0,0,-0.08,0,4.41
aspirin,Bauer (RUS),Exp,11.29,7.65,4.57,0,-0.17,0,7.65,12.1,5.67,0,0.6,0,4.57,5.67,10.67,0,-0.42,0,0,0,0,3.89,0,0.32,-0.17,0.6,-0.42,0,2.74,0,0,0,0,0.32,0,4.52
benzene,Brunel,Exp,6.4,3.3,4.1,0,0,0,3.3,6.81,3.4,0,0,0,4.1,3.4,6.08,0,0,0,0,0,0,1.83,0,0,0,0,0,0,3.9,0,0,0,0,0,0,1.43
benzene,Heseltine,Exp,6.14,3.52,4.01,0,0,0,3.52,6.56,3.9,0,0,0,4.01,3.9,5.83,0,0,0,0,0,0,1.97,0,0,0,0,0,0,3.78,0,0,0,0,0,0,1.53
benzil,Haussuhl,Exp,10.92,5.44,3.26,-0.51,0,0,5.44,10.92,3.26,0.51,0,0,3.26,3.26,8.23,0,0,0,-0.51,0.51,0,1.08,0,0,0,0,0,0,1.08,-0.51,0,0,0,0,-0.51,2.74
benzil,Vacher,Exp,11.23,5.47,3.35,-0.61,0,0,5.47,11.23,3.35,0.61,0,0,3.35,3.35,8.56,0,0,0,-0.61,0.61,0,1.15,0,0,0,0,0,0,1.15,-0.61,0,0,0,0,-0.61,2.88
benzophenone,Chumakov,Exp,10.7,5.5,1.69,0,0,0,5.5,10,3.21,0,0,0,1.69,3.21,7.1,0,0,0,0,0,0,2.03,0,0,0,0,0,0,1.55,0,0,0,0,0,0,3.53
benzophenone,Haussuhl,Exp,10.7,5.86,5.29,0,0,0,5.86,10.56,3.3,0,0,0,5.29,3.3,7.12,0,0,0,0,0,0,2,0,0,0,0,0,0,1.55,0,0,0,0,0,0,3.59
benzophenone,Pethrick,Exp,10.87,5.87,5.26,0,0,0,5.87,10.73,3.11,0,0,0,5.26,3.11,7.46,0,0,0,0,0,0,2.1,0,0,0,0,0,0,1.59,0,0,0,0,0,0,3.64
beta-HMX,Stevens,Exp,18.41,6.37,10.5,0,-1.1,0,6.37,14.41,6.42,0,0.83,0,10.5,6.42,12.44,0,1.08,0,0,0,0,4.77,0,2.75,-1.1,0.83,1.08,0,4.77,0,0,0,0,2.75,0,4.46
beta-HMX,Sun,Exp,20.58,9.65,9.75,0,-0.61,0,9.65,19.69,12.93,0,4.89,0,9.75,12.93,18.24,0,1.57,0,0,0,0,9.92,0,4.42,-0.61,4.89,1.57,0,7.69,0,0,0,0,4.42,0,10.67
beta-HMX,Zaug,Exp,20.8,4.8,12.5,0,-0.5,0,4.8,26.9,5.8,0,-1.9,0,12.5,5.8,18.5,0,1.9,0,0,0,0,4.2,0,2.9,-0.5,-1.9,1.9,0,6.1,0,0,0,0,2.9,0,2.5
carbamazepine,Mohapatra,Exp,10.89,4.57,6.45,0,0.78,0,4.57,11.47,1.51,0,0.23,0,6.45,1.51,11.32,0,0.04,0,0,0,0,3.68,0,-0.08,0.78,0.23,0.04,0,0.85,0,0,0,0,-0.08,0,2.89
citric acid,Haussuhl,Exp,20.07,6.04,8.98,0,2,0,6.04,23.22,10.19,0,-2.77,0,8.98,10.19,22.04,0,-4.07,0,0,0,0,8.52,0,-5.46,2,-2.77,-4.07,0,9.67,0,0,0,0,-5.46,0,9.4
citric acid monohydrate,Hauss,Exp,17.44,6.92,6.65,0,0,0,6.92,33.57,5.67,0,0,0,6.65,5.67,23.6,0,0,0,0,0,0,2.76,0,0,0,0,0,0,7.36,0,0,0,0,0,0,3.75
citric acid monohydrate,Khan,Exp,23.1,12.4,6.1,0,0,0,12.4,16.7,8.3,0,0,0,6.1,8.3,30.5,0,0,0,0,0,0,3.7,0,0,0,0,0,0,2.8,0,0,0,0,0,0,5.2
DC apohost,Sandstedt,Exp,8.21,2.98,5.26,1.08,-0.6,0,2.98,8.21,5.26,-1.08,0.6,0,5.26,5.26,10.61,0,0,0,1.08,-1.08,0,3.33,0,0.6,-0.6,0.6,0,0,3.33,1.08,0,0,0,0.6,1.08,2.615
durene,Sanquer,Exp,9.08,7.75,2.57,0,0.11,0,7.75,10,3.19,0,1.04,0,2.57,3.19,10.03,0,-0.13,0,0,0,0,1.84,0,0.13,0.11,1.04,-0.13,0,2.17,0,0,0,0,0.13,0,7.27
epsilon CL-20,Haycraft,Exp,7.7,5.69,9.21,0,1.23,0,5.69,28.29,-1.22,0,1.01,0,9.21,-1.22,28.05,0,3.07,0,0,0,0,12.64,0,0.74,1.23,1.01,3.07,0,3.86,0,0,0,0,0.74,0,4.73
hippuric acid,Alex,Exp,9.33,4.95,4.76,0,0,0,4.95,23.03,4.36,0,0,0,4.76,4.36,13.06,0,0,0,0,0,0,1.39,0,0,0,0,0,0,4.13,0,0,0,0,0,0,6.74
hippuric acid,Haussuhl,Exp,13.16,8.36,6.9,0,0,0,8.36,10.38,9.73,0,0,0,6.9,9.73,23.89,0,0,0,0,0,0,6.9,0,0,0,0,0,0,1.5,0,0,0,0,0,0,4.18
HMT,Aleksandrov,Exp,17.24,5.5,5.5,0,0,0,5.5,17.24,5.5,0,0,0,5.5,5.5,17.24,0,0,0,0,0,0,5.21,0,0,0,0,0,0,5.21,0,0,0,0,0,0,5.21
HMT,Haussuhl-1958,Exp,16.43,4.33,4.33,0,0,0,4.33,16.43,4.33,0,0,0,4.33,4.33,16.43,0,0,0,0,0,0,5.15,0,0,0,0,0,0,5.15,0,0,0,0,0,0,5.15
HMT,Haussuhl-2001,Exp,16.51,4.76,4.76,0,0,0,4.76,16.51,4.76,0,0,0,4.76,4.76,16.51,0,0,0,0,0,0,5.03,0,0,0,0,0,0,5.03,0,0,0,0,0,0,5.03
iodic acid,Haussuhl,Exp,30.12,16.08,11.06,0,0,0,16.08,58.05,7.96,0,0,0,11.06,7.96,42.86,0,0,0,0,0,0,16.88,0,0,0,0,0,0,20.65,0,0,0,0,0,0,15.82
iodic acid,Kachalov,Exp,57.5,2.1,15.1,0,0,0,2.1,42.2,12,0,0,0,15.1,12,29.6,0,0,0,0,0,0,19.8,0,0,0,0,0,0,15.5,0,0,0,0,0,0,19.1
iodic acid,Marculescu,Exp,57.81,8.2,15.5,0,0,0,8.2,42.87,11.2,0,0,0,15.5,11.2,30.17,0,0,0,0,0,0,20.64,0,0,0,0,0,0,16.08,0,0,0,0,0,0,16.73
iodic acid,Mason,Exp,30.30095148,11.94494574,11.69118965,0,0,0,11.94494574,54.47965068,5.483664706,0,0,0,11.69118965,5.483664706,43.58875737,0,0,0,0,0,0,18.34862385,0,0,0,0,0,0,21.92982456,0,0,0,0,0,0,17.36111111
maleic acid,Haussuhl,Exp,10.37,1.5,1,0,0.2,0,1.5,26.92,10.1,0,0.9,0,1,10.1,54.91,0,-1.8,0,0,0,0,12.64,0,-0.1,0.2,0.9,-1.8,0,0.4,0,0,0,0,-0.1,0,2.04
malonic acid,Haussuhl,Exp,16.52,13.2,7.6,-3.3,-4.7,5,13.2,16.97,7.7,-5.6,-5,6.4,7.6,7.7,17.85,-4.8,-3.2,5.1,-3.3,-5.6,-4.8,7.1,-4.7,-2.8,-4.7,-5,-3.2,-4.7,8.05,-2.1,5,6.4,5.1,-2.8,-2.1,10.61
melamine,Haussuhl,Exp,15.29,8.93,11.44,0,-3.5,0,8.93,39.72,14.31,0,-1.9,0,11.44,14.31,36.26,0,-13.4,0,0,0,0,10.17,0,-4.16,-3.5,-1.9,-13.4,0,10.78,0,0,0,0,-4.16,0,7.33
naphthalene,Afanaseva,Exp,8.19,5.56,3.22,0,0.2,0,5.56,10.02,3.48,0,1.9,0,3.22,3.48,12.43,0,-2.9,0,0,0,0,3.44,0,0.7,0.2,1.9,-2.9,0,2.34,0,0,0,0,0.7,0,4.43
naphthalene,Teslenko,Exp,8.05,4.55,3.51,0,-0.7,0,4.55,10.19,2.39,0,-2.81,0,3.51,2.39,12.25,0,3.18,0,0,0,0,3.41,0,-0.49,-0.7,-2.81,3.18,0,2.18,0,0,0,0,-0.49,0,4.26
oxalic acid dihydrate,Gerlich,Exp,21.72,9.46,12.18,0,-0.39,0,9.46,11.63,6.14,0,0.96,0,12.18,6.14,40.09,0,-7.04,0,0,0,0,2.08,0,0.36,-0.39,0.96,-7.04,0,8.09,0,0,0,0,0.36,0,9.16
pentaerythritol,Haussuhl,Exp,38.98,30.39,6.94,0,0,-0.8,30.39,38.98,6.94,0,0,0.8,6.94,6.94,13.43,0,0,0,0,0,0,4.32,0,0,0,0,0,0,4.32,0,-0.8,0.8,0,0,0,9.77
pentaerythritol,Nomura,Exp,40.5,26.6,10.5,0,0,3.13,26.6,40.5,10.5,0,0,-3.13,10.5,10.5,13.9,0,0,0,0,0,0,2.74,0,0,0,0,0,0,2.74,0,3.13,-3.13,0,0,0,2.52
PETN,Stevens (RUS),Exp,16.77,5.75,5.57,0,0,0,5.75,16.77,5.57,0,0,0,5.57,5.57,10.33,0,0,0,0,0,0,5.04,0,0,0,0,0,0,5.04,0,0,0,0,0,0,3.04
PETN,Stevens (Brillouin),Exp,16.92,5.14,7.8,0,0,0,5.14,16.92,7.8,0,0,0,7.8,7.8,11.62,0,0,0,0,0,0,4.45,0,0,0,0,0,0,4.45,0,0,0,0,0,0,3.8
PETN,Sun,Exp,17.12,6.06,7.98,0,0,0,6.06,17.12,7.98,0,0,0,7.98,7.98,12.18,0,0,0,0,0,0,5.03,0,0,0,0,0,0,5.03,0,0,0,0,0,0,3.81
PETN,Winey_Morris,Exp,17.22,5.44,7.99,0,0,0,5.44,17.22,7.99,0,0,0,7.99,7.99,12.17,0,0,0,0,0,0,5.04,0,0,0,0,0,0,5.04,0,0,0,0,0,0,3.95
phenothiazine,Sartwell,Exp,12.8,4.38,0.01,0,0,0,4.38,6.08,-3.45,0,0,0,0.01,-3.45,3.3,0,0,0,0,0,0,0.72,0,0,0,0,0,0,0.3,0,0,0,0,0,0,2.89
phenothiazine,Ecolivet,Exp,8.09,5.97,2.61,0,0,0,5.97,8.87,4.46,0,0,0,2.61,4.46,15.76,0,0,0,0,0,0,2.52,0,0,0,0,0,0,0.25,0,0,0,0,0,0,5.28
phthalic acid,Haussuhl,Exp,21.85,9.94,11.13,0,-5.86,0,9.94,24.09,9.54,0,-3.55,0,11.13,9.54,17.03,0,-6.14,0,0,0,0,9.52,0,-8.6,-5.86,-3.55,-6.14,0,8.32,0,0,0,0,-8.6,0,13.66
POM,Sapriel,Exp,13.29,4.9,-2.6,0,0,0,4.9,18.14,10.6,0,0,0,-2.6,10.6,12.2,0,0,0,0,0,0,7.8,0,0,0,0,0,0,5.2,0,0,0,0,0,0,5.4
pyrazine,Reynolds,Exp,22.7,5.5,1.4,0,0,0,5.5,9.3,2.45,0,0,0,1.4,2.45,5.1,0,0,0,0,0,0,2.6,0,0,0,0,0,0,2.9,0,0,0,0,0,0,1.5
RDX,Bolme,Exp,25.8,8.3,6.4,0,0,0,8.3,20.1,6.4,0,0,0,6.4,6.4,18.9,0,0,0,0,0,0,5.3,0,0,0,0,0,0,4.2,0,0,0,0,0,0,7.2
RDX,Haussuhl,Exp,19.58,8.19,5.9,0,0,0,8.19,24.98,5.8,0,0,0,5.9,5.8,17.89,0,0,0,0,0,0,4.06,0,0,0,0,0,0,5.15,0,0,0,0,0,0,6.9
RDX,Haycraft,Exp,36.67,1.38,1.67,0,0,0,1.38,25.67,9.17,0,0,0,1.67,9.17,21.64,0,0,0,0,0,0,11.99,0,0,0,0,0,0,2.72,0,0,0,0,0,0,7.68
RDX,Schwarz,Exp,25.6,8.67,5.72,0,0,0,8.67,21.3,6.4,0,0,0,5.72,6.4,19,0,0,0,0,0,0,5.38,0,0,0,0,0,0,4.27,0,0,0,0,0,0,7.27
RDX,Sun,Exp,25.15,8.23,5.94,0,0,0,8.23,20.08,5.94,0,0,0,5.94,5.94,18.21,0,0,0,0,0,0,5.26,0,0,0,0,0,0,4.06,0,0,0,0,0,0,7.1
resorcinol,Koptsik,Exp,8.605699429,9.487794172,7.516797785,0,0,0,9.487794172,28.85167303,19.07688152,0,0,0,7.516797785,19.07688152,19.56224466,0,0,0,0,0,0,3.25732899,0,0,0,0,0,0,4.347826087,0,0,0,0,0,0,4
rubrene,Zhang,Exp,18.48,2.63,7.68,0,0,0,2.63,13.39,7.77,0,0,0,7.68,7.77,14.32,0,0,0,0,0,0,6.46,0,0,0,0,0,0,2.8,0,0,0,0,0,0,6.8
succinic acid,Haussuhl,Exp,10.14,7.29,4.3,0,-0.54,0,7.29,13.24,8,0,1.9,0,4.3,8,125.27,0,-4.31,0,0,0,0,7.38,0,0.68,-0.54,1.9,-4.31,0,3.87,0,0,0,0,0.68,0,4.47
succinimide,Haussuhl,Exp,10.54,4.36,6.49,0,0,0,4.36,13.18,7.89,0,0,0,6.49,7.89,10.58,0,0,0,0,0,0,5.48,0,0,0,0,0,0,5.29,0,0,0,0,0,0,3.06
sulfamic acid,Haussuhl,Exp,35.51,15.99,14.87,0,0,0,15.99,43.23,16.25,0,0,0,14.87,16.25,41.83,0,0,0,0,0,0,15.82,0,0,0,0,0,0,14.51,0,0,0,0,0,0,16.78
sulfur,Haussuhl,Exp,14.22,2.99,3.14,0,0,0,2.99,12.68,7.95,0,0,0,3.14,7.95,18.3,0,0,0,0,0,0,8.27,0,0,0,0,0,0,4.28,0,0,0,0,0,0,4.37
tartaric acid,Kuppers,Exp,75.4,8.4,16,0,-20.3,0,8.4,16,11.1,0,-0.5,0,16,11.1,35.2,0,-3.6,0,0,0,0,8,0,0.2,-20.3,-0.5,-3.6,0,12.7,0,0,0,0,0.2,0,8.9
tartaric acid,Mason,Exp,93.04,20.25,36.67,0,-12,0,20.25,19.27,13.9,0,-3.97,0,36.67,13.9,46.49,0,-0.36,0,0,0,0,8.12,0,1.38,-12,-3.97,-0.36,0,8.2,0,0,0,0,1.38,0,10.63
taurine,Haussuhl,Exp,31.78,16.31,13.47,0,-1.35,0,16.31,46.92,14.95,0,3.9,0,13.47,14.95,13.99,0,0.9,0,0,0,0,7.22,0,-0.08,-1.35,3.9,0.9,0,9.6,0,0,0,0,-0.08,0,10
TCNE,Mierzejewski,Exp,20.35,1.18,1.18,0,0,0,1.18,20.35,1.18,0,0,0,1.18,1.18,20.35,0,0,0,0,0,0,4.83,0,0,0,0,0,0,4.83,0,0,0,0,0,0,4.83
thiourea,Benoit,Exp,10.25,2.4,7.2,0,0,0,2.4,25.37,5,0,0,0,7.2,5,14.86,0,0,0,0,0,0,2,0,0,0,0,0,0,5.7,0,0,0,0,0,0,0.7
thiourea,Haussuhl,Exp,10.24,2.23,5.67,0,0,0,2.23,25.95,4.43,0,0,0,5.67,4.43,15.03,0,0,0,0,0,0,2.22,0,0,0,0,0,0,6.08,0,0,0,0,0,0,0.57
thiourea,Jakubowski,Exp,11.18,7,6,0,0,0,7,27.66,4.8,0,0,0,6,4.8,16.4,0,0,0,0,0,0,2.45,0,0,0,0,0,0,7,0,0,0,0,0,0,0.74
thiourea,Buscher,Exp,10.6,2.1,3.2,0,0,0,2.1,24,2.1,0,0,0,3.2,2.1,14,0,0,0,0,0,0,3.2,0,0,0,0,0,0,7.5,0,0,0,0,0,0,1.02
tolane,Haussuhl,Exp,11.43,3.76,1.94,0,2,0,3.76,8.5,4.15,0,0.2,0,1.94,4.15,9.29,0,-1.84,0,0,0,0,2.81,0,0.45,2,0.2,-1.84,0,2.65,0,0,0,0,0.45,0,2.09
tolane,Teslenko,Exp,7.85,3.5,1.15,0,0.3,0,3.5,8.55,3.5,0,2.5,0,1.15,3.5,6.45,0,0.9,0,0,0,0,2.9,0,0.1,0.3,2.5,0.9,0,5.45,0,0,0,0,0.1,0,1.85
urea,Fischer,Exp,21.7,8.9,24,0,0,0,8.9,21.7,24,0,0,0,24,24,53.2,0,0,0,0,0,0,6.26,0,0,0,0,0,0,6.26,0,0,0,0,0,0,0.45
urea,Haussuhl,Exp,11.73,10.72,9.16,0,0,0,10.72,11.73,9.16,0,0,0,9.16,9.16,53.98,0,0,0,0,0,0,6.19,0,0,0,0,0,0,6.19,0,0,0,0,0,0,10.63
urea,Yoshihara,Exp,23.5,-0.5,7.5,0,0,0,-0.5,23.5,7.5,0,0,0,7.5,7.5,51,0,0,0,0,0,0,6.2,0,0,0,0,0,0,6.2,0,0,0,0,0,0,0.5
"1,3,5-triphenylbenzene",Chandr,Exp,0.31,-1.78,0.92,0,0,0,-1.78,1.36,0.8,0,0,0,0.92,0.8,2.33,0,0,0,0,0,0,5.02,0,0,0,0,0,0,0.34,0,0,0,0,0,0,3.69
"1,3,5-triphenylbenzene",Haussu,Exp,7.2,4.3,4.21,0,0,0,4.3,13.53,4.68,0,0,0,4.21,4.68,14.33,0,0,0,0,0,0,6.32,0,0,0,0,0,0,0.97,0,0,0,0,0,0,1.85
"2-methyl-1,3-cyclohexanedione",,Exp,14.9,11.1,3.26,0,0,0,11.1,50.5,-1.15,0,0,0,3.26,-1.15,9.1,0,0,0,0,0,0,1.15,0,0,0,0,0,0,1.65,0,0,0,0,0,0,6.43
"2,2'-biphenol",Haussuhl,Exp,8.24,6.1,5.04,0,0.6,0,6.1,9.74,6.13,0,0.1,0,5.04,6.13,8.63,0,-0.4,0,0,0,0,4.15,0,-1.26,0.6,0.1,-0.4,0,2.8,0,0,0,0,-1.26,0,3.18
4-methylbenzophenone,M - Haus,Exp,9.41,5.1,4.26,0,-0.7,0,5.1,9.26,6.68,0,0.3,0,4.26,6.68,7.69,0,0.2,0,0,0,0,5.19,0,0.66,-0.7,0.3,0.2,0,2.83,0,0,0,0,0.66,0,2.57
4-methylbenzophenone,TRG - Ha,Exp,8.94,3.19,4.72,0.45,0.59,0,3.19,8.94,4.72,-0.45,-0.59,0,4.72,4.72,7.48,0,0,0,0.45,-0.45,0,2.48,0,-0.59,0.59,-0.59,0,0,2.48,0.45,0,0,0,-0.59,0.45,2.875
Al acac,Haussuhl,Exp,9.37,2.08,3.26,0,0.82,0,2.08,10.74,3.26,0,-0.1,0,3.26,3.26,8.72,0,-1.4,0,0,0,0,2.26,0,0.02,0.82,-0.1,-1.4,0,2.95,0,0,0,0,0.02,0,0.79
anthracene tetracyanobenzene,,Exp,22.4,6.29,5.1,0,-4.84,0,6.29,14.67,-0.64,0,-1.34,0,5.1,-0.64,10.91,0,1.23,0,0,0,0,0.31,0,0.25,-4.84,-1.34,1.23,0,4.8,0,0,0,0,0.25,0,1.59
benzalazine,Haussuhl,Exp,14.28,5.11,3.37,0,0,0,5.11,7.99,4.94,0,0,0,3.37,4.94,6.36,0,0,0,0,0,0,2.4,0,0,0,0,0,0,1.06,0,0,0,0,0,0,3.24
benzalazine,Joshi,Exp,4.1,1.22,1.46,0,0,0,1.22,0.52,0.66,0,0,0,1.46,0.66,0.94,0,0,0,0,0,0,0.074,0,0,0,0,0,0,0.67,0,0,0,0,0,0,0.84
beta-C6F13-C4H8-C6F13,Marx,Exp,6.461,2.428,5.203,0,1.659,0,2.428,6.186,3.303,0,1.648,0,5.203,3.303,5.69,0,2.008,0,0,0,0,1.256,0,0.665,1.659,1.648,2.008,0,3.728,0,0,0,0,0.665,0,2.463
betaine hydrate,Haussuhl,Exp,18.72,8.93,7.49,0,0,0,8.93,15.57,8.47,0,0,0,7.49,8.47,17.23,0,0,0,0,0,0,6.23,0,0,0,0,0,0,3.74,0,0,0,0,0,0,5.36
"carbazole-1,3,5-trinitrobenzene",,Exp,12.13,2.58,2.97,0,0,0,2.58,9.52,7.41,0,0,0,2.97,7.41,14.67,0,0,0,0,0,0,3.92,0,0,0,0,0,0,1.4,0,0,0,0,0,0,2.16
CBr4-HPTB,Michalski,Exp,12,1.1,3.9,1.4,-2.1,0,1.1,12,3.9,-1.4,2.1,0,3.9,3.9,16.9,0,0,0,1.4,-1.4,0,2.9,0,2.1,-2.1,2.1,0,0,2.9,1.4,0,0,0,2.1,1.4,5.45
chrysazine,Mukherjee,Exp,14,-6.3,1.6,0,0,1,-6.3,14,1.6,0,0,-1,1.6,1.6,20.4,0,0,0,0,0,0,8.4,0,0,0,0,0,0,8.4,0,1,-1,0,0,0,9.2
cis-terpine hydrate,Silvestro,Exp,12.5,3.8,6.2,0,0,0,3.8,9.9,4.1,0,0,0,6.2,4.1,15.3,0,0,0,0,0,0,2.43,0,0,0,0,0,0,2.23,0,0,0,0,0,0,3.46
DC 1-heptanol,Selbo,Exp,6.84,2.37,2.83,1.03,-0.21,0,2.37,6.84,2.83,-1.03,0.21,0,2.83,2.83,7.19,0,0,0,1.03,-1.03,0,2.85,0,0.21,-0.21,0.21,0,0,2.85,1.03,0,0,0,0.21,1.03,2.235
DC ethanol,Sandstedt,Exp,8.61,3.51,4.29,1.03,0.09,0,3.51,8.61,4.29,-1.03,-0.09,0,4.29,4.29,8.46,0,0,0,1.03,-1.03,0,3.18,0,-0.09,0.09,-0.09,0,0,3.18,1.03,0,0,0,-0.09,1.03,2.55
DC ethanol,Zakrzewski,Exp,13.4,3.2,6.5,0.3,0,0,3.2,13.4,6.5,-0.3,0,0,6.5,6.5,13.1,0,0,0,0.3,-0.3,0,4.4,0,0,0,0,0,0,4.4,0.3,0,0,0,0,0.3,5.1
DC hexanediol,Selbo,Exp,6.94,1.19,3.61,0.74,-0.69,0,1.19,6.94,3.61,-0.74,0.69,0,3.61,3.61,7.26,0,0,0,0.74,-0.74,0,3.12,0,0.69,-0.69,0.69,0,0,3.12,0.74,0,0,0,0.69,0.74,2.875
dibenzyl,Ecolivet,Exp,9.81,4.48,4.25,0,2.91,0,4.48,7.37,4.78,0,0.92,0,4.25,4.78,8.06,0,0.27,0,0,0,0,3.24,0,-0.81,2.91,0.92,0.27,0,2.72,0,0,0,0,-0.81,0,2.62
dibenzyl,Haussuhl,Exp,6.04,3.63,4.49,0,-0.7,0,3.63,6.74,4.97,0,-0.3,0,4.49,4.97,9.8,0,-1.85,0,0,0,0,2.47,0,0.73,-0.7,-0.3,-1.85,0,2.81,0,0,0,0,0.73,0,3.57
dibenzyl,Teslenko,Exp,9.45,3.95,4.15,0,-2.4,0,3.95,6.8,3.35,0,-0.8,0,4.15,3.35,7.2,0,-0.7,0,0,0,0,3.1,0,0.8,-2.4,-0.8,-0.7,0,2.55,0,0,0,0,0.8,0,2.6
dimethylmalonic acid,Haussuhl,Exp,9.66,6.56,6.92,0,0,0,6.56,9.66,6.92,0,0,0,6.92,6.92,13.57,0,0,0,0,0,0,5.59,0,0,0,0,0,0,5.59,0,0,0,0,0,0,5.26
diphenyl-h10,Krupnyi,Exp,5.95,4.05,2.88,0,0.4,0,4.05,6.97,6.11,0,0.94,0,2.88,6.11,14.6,0,2.02,0,0,0,0,1.83,0,-0.89,0.4,0.94,2.02,0,2.26,0,0,0,0,-0.89,0,4.11
diphenyl-d10,Ecolivet,Exp,7.58,5,3.95,0,0.1,0,5,9.01,7.75,0,1,0,3.95,7.75,18.06,0,1.9,0,0,0,0,2.13,0,-0.83,0.1,1,1.9,0,2.2,0,0,0,0,-0.83,0,4.59
diphenyl sulfone,Haussuhl,Exp,13.65,2.8,2.8,0,-1.5,0,2.8,9.29,5.6,0,1.3,0,2.8,5.6,10.79,0,0.1,0,0,0,0,5.57,0,1.32,-1.5,1.3,0.1,0,1.57,0,0,0,0,1.32,0,1.7
Fe acac,Haussuhl,Exp,7.12,4.49,4.03,0,0,0,4.49,10.43,4.29,0,0,0,4.03,4.29,9.3,0,0,0,0,0,0,3.49,0,0,0,0,0,0,2.65,0,0,0,0,0,0,2.4
fullerene - C60,,Exp,14.9,8.8,8.8,0,0,0,8.8,14.9,8.8,0,0,0,8.8,8.8,14.9,0,0,0,0,0,0,6.6,0,0,0,0,0,0,6.6,0,0,0,0,0,0,6.6
iododurene,Sanquer,Exp,7.69,5.86,4.3,0,0,0,5.86,7.43,4.27,0,0,0,4.3,4.27,7.88,0,0,0,0,0,0,3.31,0,0,0,0,0,0,4.08,0,0,0,0,0,0,3.94
L-rhamnose hydrate,,Exp,38.2,16,16.6,0,-0.3,0,16,21.9,8.88,0,1.22,0,16.6,8.88,19.8,0,-1.18,0,0,0,0,5.37,0,0.22,-0.3,1.22,-1.18,0,5.02,0,0,0,0,0.22,0,9.11
MBANP,Gilmour,Exp,10.26,8.24,9.24,0,3.07,0,8.24,12.8,6.32,0,5.61,0,9.24,6.32,12.66,0,3.89,0,0,0,0,5.99,0,-0.86,3.07,5.61,3.89,0,3.13,0,0,0,0,-0.86,0,3.08
N-isopropylcarbazole,Nowak,Exp,10.03,5.1,3.4,0,0,0,5.1,7.15,5.6,0,0,0,3.4,5.6,8.08,0,0,0,0,0,0,3.56,0,0,0,0,0,0,1.14,0,0,0,0,0,0,3.13
N-methylurea,Manzor,Exp,11.98,6.73,0.95,0,0,0,6.73,9.52,10,0,0,0,0.95,10,13.11,0,0,0,0,0,0,4.98,0,0,0,0,0,0,2.32,0,0,0,0,0,0,3.32
nitrilotriacetic acid,Haussuh,Exp,25.72,20.61,9.31,0,0.02,0,20.61,30.94,11.16,0,5.34,0,9.31,11.16,22.97,0,0.38,0,0,0,0,9.88,0,3.59,0.02,5.34,0.38,0,5.97,0,0,0,0,3.59,0,12.1
o-terphenyl,Kondo,Exp,13.09,4.23,4.75,0,0,0,4.23,6.34,1.39,0,0,0,4.75,1.39,8.07,0,0,0,0,0,0,4.63,0,0,0,0,0,0,3.08,0,0,0,0,0,0,2.94
p-dichlorobenzophenone,Sanque,Exp,15.85,3.75,3.7,0,-1.15,0,3.75,14.58,6.02,0,-0.9,0,3.7,6.02,8.92,0,-0.64,0,0,0,0,2.45,0,0.23,-1.15,-0.9,-0.64,0,1.72,0,0,0,0,0.23,0,2.94
p-terphenyl-h14,Ecolivet,Exp,8.18,5.5,4.33,0,0,0,5.5,9.75,8.1,0,-0.4,0,4.33,8.1,26.42,0,-3.16,0,0,0,0,3.36,0,1.49,0,-0.4,-3.16,0,2.7,0,0,0,0,1.49,0,5.13
p-terphenyl-d14,Ecolivet,Exp,8.2,5.5,4.56,0,0,0,5.5,9.72,8.1,0,-0.4,0,4.56,8.1,26.64,0,-3.42,0,0,0,0,2.94,0,1.59,0,-0.4,-3.42,0,2.48,0,0,0,0,1.59,0,5.29
tetraphenyl silicon,Haussuhl,Exp,10.76,5.4,5.35,0,0,0,5.4,10.76,5.35,0,0,0,5.35,5.35,6.7,0,0,0,0,0,0,3.89,0,0,0,0,0,0,3.89,0,0,0,0,0,0,2.43
trans-azobenzene,Haussuhl,Exp,11.97,-0.1,2.17,0,2.83,0,-0.1,9.47,5.81,0,-2.1,0,2.17,5.81,11.4,0,-3,0,0,0,0,3.49,0,-0.3,2.83,-2.1,-3,0,4.61,0,0,0,0,-0.3,0,2.38
trans-stilbene,Haussuhl,Exp,10.86,5.27,4.02,0,2.31,0,5.27,9.09,5.21,0,0.2,0,4.02,5.21,10.5,0,-3.03,0,0,0,0,3.48,0,0.02,2.31,0.2,-3.03,0,4.46,0,0,0,0,0.02,0,2.28
trans-stilbene,Teslenko,Exp,9.3,5.7,6.7,0,-0.3,0,5.7,9.2,4.85,0,-0.5,0,6.7,4.85,7.9,0,-0.5,0,0,0,0,3.25,0,0.5,-0.3,-0.5,-0.5,0,6.4,0,0,0,0,0.5,0,2.45
"1,2,4,5-tetrabromobenzene",TETBBZ01,S-HF-3c,16.567,12.375,8.177,0,1.899,0,12.375,21.29,8.142,0,3.96,0,8.177,8.142,15.046,0,0.734,0,0,0,0,8.478,0,8.161,1.899,3.96,0.734,0,8.251,0,0,0,0,8.161,0,13.16
"1,3-dinitrobenzene",DNBENZ10,S-HF-3c,32.2187,6.189,4.782,0,0,0,6.189,19.8461,8.797,0,0,0,4.782,8.797,11.8939,0,0,0,0,0,0,8.2433,0,0,0,0,0,0,1.314,0,0,0,0,0,0,5.141
"1,3,5-trichlorobenzene",TCHLBZ,S-HF-3c,10.172,2.958,6.191,0,0,0,2.958,11.513,4.431,0,0,0,6.191,4.431,10.1198,0,0,0,0,0,0,5.153,0,0,0,0,0,0,4.47,0,0,0,0,0,0,1.516
3-nitroaniline,MNIANL05,S-HF-3c,11.2557,6.168,7.766,0,0,0,6.168,35.2748,20.514,0,0,0,7.766,20.514,16.821,0,0,0,0,0,0,17.81,0,0,0,0,0,0,5.932,0,0,0,0,0,0,1.875
acenaphthene,ACENAP03,S-HF-3c,28.611,4.94,7.018,0,0,0,4.94,30.001,6.998,0,0,0,7.018,6.998,20.069,0,0,0,0,0,0,4.992,0,0,0,0,0,0,4.295,0,0,0,0,0,0,3.403
anthracene ,ANTCEN14,S-HF-3c,15.781,11.158,9.691,0,0.022,0,11.158,20.095,7.941,0,1.519,0,9.691,7.941,27.425,0,-5.573,0,0,0,0,5.568,0,1.737,0.022,1.519,-5.573,0,6.661,0,0,0,0,1.737,0,5.53
aspirin,ACSALA07,S-HF-3c,16.295,9.005,7.664,0,-1.932,0,9.005,16.328,8.476,0,0.982,0,7.664,8.476,15.895,0,-0.125,0,0,0,0,4.385,0,0.294,-1.932,0.982,-0.125,0,4.472,0,0,0,0,0.294,0,9.265
benzene,BENZEN,S-HF-3c,13.8559,8.129,10.259,0,0,0,8.129,17.647,7.732,0,0,0,10.259,7.732,12.658,0,0,0,0,0,0,5.885,0,0,0,0,0,0,11.186,0,0,0,0,0,0,3.214
benzil,BENZIL02,S-HF-3c,19.616,8.524,5.504,0,-2.027,0,8.524,19.616,5.504,0,2.027,0,5.504,5.504,23.621,0,0,0,0,0,0,1.803,0,2.027,-2.027,2.027,0,0,1.803,0,0,0,0,2.027,0,5.546
benzophenone,BPHENO10,S-HF-3c,20.753,10.809,10.495,0,0,0,10.809,18.823,6.475,0,0,0,10.495,6.475,13.705,0,0,0,0,0,0,3.943,0,0,0,0,0,0,2.653,0,0,0,0,0,0,8.584
beta-HMX,OCHTET15,S-HF-3c,13.82,7.484,6.057,0,2.273,0,7.484,17.754,11.121,0,3.396,0,6.057,11.121,15.831,0,2.354,0,0,0,0,9.529,0,2.831,2.273,3.396,2.354,0,6.169,0,0,0,0,2.831,0,9.713
carbamazepine,CBMZPN01,S-HF-3c,18.52,11.091,9.849,0,0.911,0,11.091,23.866,6.636,0,-1.803,0,9.849,6.636,18.772,0,-2.163,0,0,0,0,8.427,0,2.247,0.911,-1.803,-2.163,0,8.684,0,0,0,0,2.247,0,9.33
citric acid,CITRAC10,S-HF-3c,31.347,12.645,6.177,0,-2.146,0,12.645,35.072,6.755,0,-4.853,0,6.177,6.755,26.009,0,4.286,0,0,0,0,6.027,0,-4.587,-2.146,-4.853,4.286,0,8.783,0,0,0,0,-4.587,0,21.404
citric acid monohydrate,CITARC02,S-HF-3c,22.427,5.469,7.462,0,0,0,5.469,39.778,3.21,0,0,0,7.462,3.21,32.086,0,0,0,0,0,0,3.335,0,0,0,0,0,0,9.473,0,0,0,0,0,0,5.63
DC apohost,QQQESP01,S-HF-3c,20.16,6.815,9.756,-0.217,1.13,0,6.815,20.16,9.756,0.217,-1.13,0,9.756,9.756,18.35,0,0,0,-0.217,0.217,0,7.252,0,-1.13,1.13,-1.13,0,0,7.252,-0.217,0,0,0,-1.13,-0.217,6.673
durene,DURENE01,S-HF-3c,15.676,12.893,6.7,0,-0.499,0,12.893,16.924,5.954,0,-0.231,0,6.7,5.954,23.054,0,1.344,0,0,0,0,2.975,0,1.35,-0.499,-0.231,1.344,0,2.471,0,0,0,0,1.35,0,14.808
epsilon CL-20,PUBMUU02,S-HF-3c,20.158,5.856,5.192,0,0.962,0,5.856,17.382,2.351,0,1.798,0,5.192,2.351,23.398,0,-0.302,0,0,0,0,2.942,0,0.472,0.962,1.798,-0.302,0,3.28,0,0,0,0,0.472,0,6.841
hippuric acid,HIPPAC,S-HF-3c,14.593,12.192,12.029,0,0,0,12.192,22.059,9.868,0,0,0,12.029,9.868,18.885,0,0,0,0,0,0,1.61,0,0,0,0,0,0,5.36,0,0,0,0,0,0,6.849
HMT,HXMTAM08,S-HF-3c,38.0754,5.2871,5.2871,0,0,0,5.2871,38.0754,5.2871,0,0,0,5.2871,5.2871,38.0754,0,0,0,0,0,0,6.927,0,0,0,0,0,0,6.927,0,0,0,0,0,0,6.927
iodic acid,ICSD-66643,S-HF-3c,83.659,50.521,29.872,0,0,0,50.521,146.386,29.148,0,0,0,29.872,29.148,130.559,0,0,0,0,0,0,47.456,0,0,0,0,0,0,52.103,0,0,0,0,0,0,26.499
maleic acid,MALIAC12,S-HF-3c,78.257,6.028,3.661,0,-3.06,0,6.028,22.775,9.586,0,-1.036,0,3.661,9.586,14.586,0,0.675,0,0,0,0,2.936,0,0.145,-3.06,-1.036,0.675,0,1.244,0,0,0,0,0.145,0,17.241
malonic acid,MALNAC06,S-HF-3c,23.255,11.967,10.594,6.452,-6.386,-2.731,11.967,28.961,18.995,10.938,-5.817,-4.954,10.594,18.995,24.732,8.363,-6.683,-1.962,6.452,10.938,8.363,12.382,-5.418,-3.22,-6.386,-5.817,-6.683,-5.418,10.178,4.309,-2.731,-4.954,-1.962,-3.22,4.309,11.258
melamine,MELAMI02,S-HF-3c,42.716,19.482,24.67,0,-21.403,0,19.482,64.291,20.572,0,-7.666,0,24.67,20.572,26.89,0,-14.428,0,0,0,0,10.901,0,-6.198,-21.403,-7.666,-14.428,0,24.41,0,0,0,0,-6.198,0,15.847
naphthalene,NAPHTA36,S-HF-3c,16.6954,9.569,8.322,0,-0.448,0,9.569,20.781,7.237,0,1.671,0,8.322,7.237,25.347,0,-4.805,0,0,0,0,8.855,0,0.709,-0.448,1.671,-4.805,0,6.287,0,0,0,0,0.709,0,7.637
oxalic acid dihydrate ,OXACDH04,S-HF-3c,31.346,11.867,25.375,0,-4.387,0,11.867,11.241,7.856,0,0.548,0,25.375,7.856,63.858,0,-15.37,0,0,0,0,2.043,0,0.978,-4.387,0.548,-15.37,0,9.322,0,0,0,0,0.978,0,14.058
pentaerythritol,PERYTO03,S-HF-3c,66.8428,48.7848,6.373,0,0,0.751,48.7848,66.8428,6.4305,0,0,-0.751,6.373,6.4305,18.9395,0,0,0,0,0,0,7.188,0,0,0,0,0,0,7.188,0,0.751,-0.751,0,0,0,18.876
PETN,PERYTN10,S-HF-3c,17.795,5.008,7.206,0,0,0,5.008,17.795,7.206,0,0,0,7.206,7.206,12.037,0,0,0,0,0,0,5.887,0,0,0,0,0,0,5.887,0,0,0,0,0,0,4.271
phenothiazine,PHESAZ07,S-HF-3c,13.004,9.329,9.986,0,0,0,9.329,31.348,4.806,0,0,0,9.986,4.806,14.83,0,0,0,0,0,0,0.202,0,0,0,0,0,0,8.798,0,0,0,0,0,0,4.783
phthalic acid,PHTHAC02,S-HF-3c,25.037,13.612,18.591,0,-9.958,0,13.612,35.321,13.074,0,-5.292,0,18.591,13.074,29.779,0,-8.326,0,0,0,0,21.738,0,-14.02,-9.958,-5.292,-8.326,0,13.878,0,0,0,0,-14.02,0,16.094
POM,MNPYDO01,S-HF-3c,16.701,5.564,10.811,0,0,0,5.564,22.246,13.914,0,0,0,10.811,13.914,14.127,0,0,0,0,0,0,7.784,0,0,0,0,0,0,8.914,0,0,0,0,0,0,4.992
pyrazine,PYRAZI,S-HF-3c,53.3257,4.996,17.551,0,0,0,4.996,16.83556,7.229,0,0,0,17.551,7.229,18.859,0,0,0,0,0,0,6.615,0,0,0,0,0,0,6.431,0,0,0,0,0,0,-0.51
RDX ,CTMTNA12,S-HF-3c,15.683,6.195,5.46,0,0,0,6.195,16.29,4.507,0,0,0,5.46,4.507,26.58,0,0,0,0,0,0,3.556,0,0,0,0,0,0,4.902,0,0,0,0,0,0,5.584
alpha-resorcinol,RESORA13,S-HF-3c,18.081,6.871,8.249,0,0,0,6.871,13.176,11.441,0,0,0,8.249,11.441,17.332,0,0,0,0,0,0,6.816,0,0,0,0,0,0,4.651,0,0,0,0,0,0,8.169
beta-resorcinol,RESORA08,S-HF-3c,17.113,12.679,10.065,0,0,0,12.679,55.754,13.182,0,0,0,10.065,13.182,13.0661,0,0,0,0,0,0,10.998,0,0,0,0,0,0,8.8623,0,0,0,0,0,0,6.356
rubrene,QQQCIG11,S-HF-3c,26.426,8.592,7.469,0,0,0,8.592,21.767,13.273,0,0,0,7.469,13.273,16.628,0,0,0,0,0,0,7.975,0,0,0,0,0,0,3.813,0,0,0,0,0,0,3.561
succinic acid ,SUCACB10,S-HF-3c,51.368,6.847,41.514,0,-35.077,0,6.847,20.389,12.082,0,2.594,0,41.514,12.082,57.546,0,-39.155,0,0,0,0,13.029,0,-0.138,-35.077,2.594,-39.155,0,40.13,0,0,0,0,-0.138,0,10.069
succinimide,SUCCIN01,S-HF-3c,13.2227,5.313,8.712,0,0,0,5.313,15.5482,9.806,0,0,0,8.712,9.806,16.478,0,0,0,0,0,0,7.776,0,0,0,0,0,0,6.229,0,0,0,0,0,0,5.604
sulfamic acid,ICSD-94,S-HF-3c,56.326,28.549,30.344,0,0,0,28.549,66.787,26.567,0,0,0,30.344,26.567,56.004,0,0,0,0,0,0,25.845,0,0,0,0,0,0,21.654,0,0,0,0,0,0,33.297
sulfur,ICSD-200454,S-HF-3c,25.559,3.816,2.704,0,0,0,3.816,22.032,13.552,0,0,0,2.704,13.552,28.706,0,0,0,0,0,0,15.44,0,0,0,0,0,0,5.506,0,0,0,0,0,0,6.473
tartaric acid,TARTAC01,S-HF-3c,143.716,11.181,14.666,0,-23.928,0,11.181,22.829,10.287,0,-2.132,0,14.666,10.287,43.656,0,-7.818,0,0,0,0,6.701,0,-0.467,-23.928,-2.132,-7.818,0,13.405,0,0,0,0,-0.467,0,11.347
taurine,TAURIN03,S-HF-3c,56.898,33.339,22.795,0,4.782,0,33.339,68.156,17.367,0,10.672,0,22.795,17.367,26.08,0,1.715,0,0,0,0,15.372,0,1.264,4.782,10.672,1.715,0,19.672,0,0,0,0,1.264,0,16.498
TCNE,TCYETY01,S-HF-3c,30.196,3.862,3.862,0,0,0,3.862,30.196,3.862,0,0,0,3.862,3.862,30.196,0,0,0,0,0,0,8.711,0,0,0,0,0,0,8.711,0,0,0,0,0,0,8.711
thiourea,THIOUR01,S-HF-3c,8.569,-0.045,7.822,0,0,0,-0.045,23.525,1.905,0,0,0,7.822,1.905,21.754,0,0,0,0,0,0,1.818,0,0,0,0,0,0,4.322,0,0,0,0,0,0,0.251
tolane,DPHACT02,S-HF-3c,14.055,8.781,9.387,0,-0.642,0,8.781,17.641,10.018,0,0.74,0,9.387,10.018,13.422,0,0.587,0,0,0,0,5.01,0,1.08,-0.642,0.74,0.587,0,9.233,0,0,0,0,1.08,0,4.046
urea,UREAXX22,S-HF-3c,19.25,17.761,11.942,0,0,0,17.761,19.25,11.942,0,0,0,11.942,11.942,72.327,0,0,0,0,0,0,11.415,0,0,0,0,0,0,11.415,0,0,0,0,0,0,25.072
3-nitroaniline ,Wang,DFT,16.32,7.225,8.874,0,0,0,7.225,35.071,19.87,0,0,0,8.874,19.87,16.425,0,0,0,0,0,0,16.264,0,0,0,0,0,0,6.956,0,0,0,0,0,0,3.212
oxalic acid dihydrate, Colmenero,DFT,34.12,12.7,17.47,0,2.18,0,12.7,13.97,8.14,0,-2.16,0,17.47,8.14,51.87,0,12.95,0,0,0,0,4.34,0,-2.75,2.18,-2.16,12.95,0,18.9,0,0,0,0,-2.75,0,16
aspirin, Winkler-D2,DFT,15.1,6.7,6.5,0,-4.3,0,6.7,8.1,4.9,0,-0.4,0,6.5,4.9,17.4,0,-1.1,0,0,0,0,4.4,0,0.4,-4.3,-0.4,-1.1,0,2.4,0,0,0,0,0.4,0,11.3
aspirin, LeBlanc,DFT,19.15,10.61,8.75,0,-1.33,0,10.61,18.47,9.13,0,1.69,0,8.75,9.13,19.44,0,-1.56,0,0,0,0,5.15,0,1.77,-1.33,1.69,-1.56,0,4.48,0,0,0,0,1.77,0,10.09
melamine, Winkler-D2,DFT,19.4,10.4,12.7,0,-4.4,0,10.4,57.2,16.8,0,-1.9,0,12.7,16.8,48.3,0,-18.3,0,0,0,0,15,0,-6.2,-4.4,-1.9,-18.3,0,15.3,0,0,0,0,-6.2,0,10
melamine, Winkler-TS,DFT,20.4,9.7,11.8,0,-3.3,0,9.7,51.7,12.6,0,-1.37,0,11.8,12.6,43.8,0,-18.6,0,0,0,0,14.9,0,-6.7,-3.3,-1.37,-18.6,0,15.8,0,0,0,0,-6.7,0,10.4
tolane, Winkler-D2,DFT,11.4,3.1,1.4,0,2.8,0,3.1,11.9,3.6,0,0.5,0,1.4,3.6,11.5,0,-2.1,0,0,0,0,3.83,0,1.5,2.8,0.5,-2.1,0,4.6,0,0,0,0,1.5,0,4.19
RDX, Winkler-D2,DFT,28.3,9.1,5.5,0,0,0,9.1,29.8,2.5,0,0,0,5.5,2.5,21.8,0,0,0,0,0,0,4.5,0,0,0,0,0,0,5.7,0,0,0,0,0,0,8.8
RDX, Taylor,DFT,29.958,7.484,4.523,0,0,0,7.484,25.508,5.282,0,0,0,4.523,5.282,23.61,0,0,0,0,0,0,5.343,0,0,0,0,0,0,4.829,0,0,0,0,0,0,8.586
RDX, Hooks,DFT,25.9,8.08,4.84,0,0,0,8.08,20.6,7.21,0,0,0,4.84,7.21,22.2,0,0,0,0,0,0,6.15,0,0,0,0,0,0,4.51,0,0,0,0,0,0,7.3
RDX, Fan,DFT,19.74,9.22,4.65,0,0,0,9.22,22.6,5.96,0,0,0,4.65,5.96,22.22,0,0,0,0,0,0,5.53,0,0,0,0,0,0,4.49,0,0,0,0,0,0,7.4
PETN, Valenzano,DFT,37.5,10.2,19.4,0,0,0,10.2,37.5,19.4,0,0,0,19.4,19.4,27.2,0,0,0,0,0,0,10.3,0,0,0,0,0,0,10.3,0,0,0,0,0,0,3.7
PETN, Fan,DFT,18.48,6.01,8.5,0,0,0,6.01,18.48,8.5,0,0,0,8.5,8.5,14.22,0,0,0,0,0,0,5.1,0,0,0,0,0,0,5.1,0,0,0,0,0,0,3.87
HMX, Peng PBE-D3,DFT,24,10.4,10.9,0,-0.9,0,10.4,23,14.1,0,4.6,0,10.9,14.1,25.2,0,1,0,0,0,0,11.4,0,5.7,-0.9,4.6,1,0,10.4,0,0,0,0,5.7,0,12.6
HMX, Peng PBE-TS,DFT,27.6,10.3,11.8,0,-3.1,0,10.3,23.4,14.1,0,5,0,11.8,14.1,24.1,0,0.9,0,0,0,0,12.1,0,5.1,-3.1,5,0.9,0,10.8,0,0,0,0,5.1,0,13.1
HMX, Peng RPBE-D3,DFT,21,8.7,8,0,-0.4,0,8.7,20.1,10.9,0,4.7,0,8,10.9,20.3,0,0.8,0,0,0,0,10.8,0,4.5,-0.4,4.7,0.8,0,9.1,0,0,0,0,4.5,0,11.6
CL-20, Zhong,DFT,34.26,5.95,7.29,0,-2.04,0,5.95,33.26,0.44,0,3.31,0,7.29,0.44,30.78,0,0.51,0,0,0,0,10.63,0,0.62,-2.04,3.31,0.51,0,12.64,0,0,0,0,0.62,0,8.61
rubrene, Zhang,DFT,25.31,6.94,6.78,0,0,0,6.94,16.99,10.53,0,0,0,6.78,10.53,13.94,0,0,0,0,0,0,6.66,0,0,0,0,0,0,4.41,0,0,0,0,0,0,3.67
rubrene, Banks,DFT,28.53,8.48,9.39,0,0,0,8.48,19.74,11.69,0,0,0,9.39,11.69,13.65,0,0,0,0,0,0,8.47,0,0,0,0,0,0,3.5,0,0,0,0,0,0,3.71
citric acid, Colmenero,DFT,21.08,6.44,7.64,0,3.45,0,6.44,30.82,12.56,0,-4.68,0,7.64,12.56,25.27,0,-3.4,0,0,0,0,13.31,0,8.07,3.45,-4.68,-3.4,0,10.67,0,0,0,0,8.07,0,13.87
citric acid monohydrate, Colmene,DFT,22.12,6.17,7.7,0,0,0,6.17,52.03,4.72,0,0,0,7.7,4.72,31.65,0,0,0,0,0,0,4.25,0,0,0,0,0,0,11.48,0,0,0,0,0,0,7.38
maleic acid,  Colmenero,DFT,38.31,9.29,19.56,0,22.28,0,9.29,35.21,4.99,0,6.47,0,19.56,4.99,13.74,0,7.57,0,0,0,0,7.1,0,6.89,22.28,6.47,7.57,0,20.82,0,0,0,0,6.89,0,11.76
sulfur, Shang PBE-D3,DFT,12.9,2.1,2,0,0,0,2.1,11.2,6.6,0,0,0,2,6.6,17.7,0,0,0,0,0,0,7.4,0,0,0,0,0,0,4.4,0,0,0,0,0,0,3.5
sulfur, Shang PBEsol-D3,DFT,24.8,4.7,3.2,0,0,0,4.7,24.6,10.6,0,0,0,3.2,10.6,30.8,0,0,0,0,0,0,12.8,0,0,0,0,0,0,7.4,0,0,0,0,0,0,7.2
succinimide,SUCCIN01,NNP,13.72,6.44,14.29,0,0.02,0.02,6.44,20.98,12.26,0.02,-0.05,0.01,14.29,12.26,15.36,0,0.03,-0.01,0,0.02,0,6.69,0,0,0.02,-0.05,0.03,0,7.5,0,0.02,0.01,-0.01,0,0,4.38
sulfur,ICSD-200454,NNP,24.09,11.17,7.49,0,0,0,11.17,29.64,12.84,0,0,0,7.49,12.84,27.61,0,0,0,0,0,0,10.04,0,0,0,0,0,0,5.27,0,0,0,0,0,0,8.03
phenothiazine,PHESAZ07,NNP,15.16,8.34,13.52,-0.02,-0.01,-0.01,8.34,39.6,9.06,-0.01,-0.02,0,13.52,9.06,17.45,-0.01,-0.01,0.01,-0.02,-0.01,-0.01,2.27,0,0,-0.01,-0.02,-0.01,0,10.81,0,-0.01,0,0.01,0,0,3.28
tartaric acid,TARTAC01,NNP,123.93,11.26,21.63,0,-19.57,0,11.26,26.59,11.63,-0.02,-2.87,0,21.63,11.63,39.41,0,-7.64,0,0,-0.02,0,6.85,0,-0.34,-19.57,-2.87,-7.64,0,13.83,0,0,0,0,-0.34,0,11.86
carbamazepine,CBMZPN01,NNP,18.34,10.16,8.87,0,1.12,-0.01,10.16,20.83,9.39,0,-0.49,-0.01,8.87,9.39,16.97,0.01,-0.81,-0.03,0,0,0.01,5.25,0,0.92,1.12,-0.49,-0.81,0,5.18,0,-0.01,-0.01,-0.03,0.92,0,6.35
benzil,BENZIL02,NNP,20.89,9.2,4.32,-0.42,0,0,9.2,21.62,4.12,0.49,0,0,4.32,4.12,16.7,0.01,-0.01,0,-0.42,0.49,0.01,0.37,0,0,0,0,-0.01,0,0.48,-0.87,0,0,0,0,-0.87,5.37
naphthalene,NAPHTA36,NNP,11.39,8.29,7.66,0.04,-0.72,-0.01,8.29,10.65,6.63,0.03,-0.01,-0.01,7.66,6.63,21.37,-0.09,-1.61,-0.01,0.04,0.03,-0.09,2.2,-0.02,1.41,-0.72,-0.01,-1.61,-0.02,1.16,0.03,-0.01,-0.01,-0.01,1.41,0.03,4.72
sulfamic acid,ICSD-94,NNP,52.87,27.56,24.44,0.01,0,-0.01,27.56,61.19,27.08,0.02,-0.01,0,24.44,27.08,52.14,0.01,-0.01,0,0.01,0.02,0.01,20.69,0,0,0,-0.01,-0.01,0,19.15,0,-0.01,0,0,0,0,24.7
benzene,BENZEN,NNP,12.89,7.55,10.28,0,0,0,7.55,16.2,8.14,0,0,0,10.28,8.14,12.76,0,0,0,0,0,0,3.7,0,0,0,0,0,0,7.69,0,0,0,0,0,0,4.24
malonic acid,MALNAC06,NNP,21.81,10.06,10.95,5.64,-3.48,-1.45,10.06,21.44,17.11,7.6,-3.78,-2.75,10.95,17.11,22.12,7.19,-5.98,-1.74,5.64,7.6,7.19,10.27,-3.07,-2.56,-3.48,-3.78,-5.98,-3.07,7.29,4.21,-1.45,-2.75,-1.74,-2.56,4.21,7.42
epsilon CL-20,PUBMUU02,NNP,23.02,9.81,12.45,0,0.58,0,9.81,25.69,7.43,0,1.43,0,12.45,7.43,32.47,0,-0.47,0,0,0,0,4.66,0,-0.09,0.58,1.43,-0.47,0,5.39,0,0,0,0,-0.09,0,6.69
beta-HMX,OCHTET15,NNP,18.55,14.51,15.16,0,0.48,-0.04,14.51,24.46,15.55,0.02,5.36,-0.04,15.16,15.55,28.91,0.02,1.34,-0.02,0,0.02,0.02,10.52,0,3.73,0.48,5.36,1.34,0,10.07,-0.02,-0.04,-0.04,-0.02,3.73,-0.02,10.57
citric acid,CITRAC10,NNP,28.6,14.24,14.29,0,-3.69,-0.02,14.24,31.33,11.28,0,-6.96,-0.01,14.29,11.28,23.58,0,-0.81,0,0,0,0,6.84,0,-5.76,-3.69,-6.96,-0.81,0,13.42,0,-0.02,-0.01,0,-5.76,0,15.84
melamine,MELAMI02,NNP,33.68,14.8,19.89,0.02,-12.95,0,14.8,49.43,15.49,0.04,-2.98,-0.01,19.89,15.49,21.75,0.01,-8.76,0,0.02,0.04,0.01,7.06,-0.01,-5.14,-12.95,-2.98,-8.76,-0.01,17.31,0,0,-0.01,0,-5.14,0,12.2
citric acid monohydrate,CITARC02,NNP,25.75,8.16,10.73,0.02,0.01,0.01,8.16,58.73,11.69,-0.01,0.02,0,10.73,11.69,37.59,-0.01,0.02,0,0.02,-0.01,-0.01,4.62,0.01,0,0.01,0.02,0.02,0.01,10.1,0,0.01,0,0,0,0,5.79
urea,UREAXX22,NNP,16.42,16.11,10.9,0,0,0,16.11,16.42,10.9,0,0,0,10.9,10.9,76.1,-0.01,0.01,-0.01,0,0,-0.01,7.66,0,0,0,0,0.01,0,7.66,0,0,0,-0.01,0,0,17.54
"1,3,5-trichlorobenzene",TCHLBZ,NNP,6.9,7.98,8.07,-0.02,0,0,7.98,15.78,7.03,-0.02,0.01,0,8.07,7.03,10.96,0.01,0,0.01,-0.02,-0.02,0.01,1.72,0,0,0,0.01,0,0,3.33,0,0,0,0.01,0,0,5.65
succinic acid ,SUCACB12,NNP,47.61,8.31,47.02,0,-34.56,-0.02,8.31,19.99,12.87,0,2.41,-0.04,47.02,12.87,61.49,0.02,-41.33,0.06,0,0,0.02,8.32,0,0.76,-34.56,2.41,-41.33,0,43.68,-0.02,-0.02,-0.04,0.06,0.76,-0.02,6.05
pyrazine,PYRAZI,NNP,22.51,6.89,6.92,-0.02,-0.01,-0.02,6.89,9.66,4.15,0.01,0.01,0.01,6.92,4.15,9.64,-0.01,0,0.01,-0.02,0.01,-0.01,4.3,0,0.01,-0.01,0.01,0,0,0.9,-0.01,-0.02,0.01,0.01,0.01,-0.01,0.87
durene,DURENE01,NNP,13.38,8.65,7.57,0.01,-0.27,0,8.65,12.79,8.29,0.01,0.81,0.03,7.57,8.29,17.73,0,0.89,0.02,0.01,0.01,0,2.82,0,0.62,-0.27,0.81,0.89,0,2.08,0,0,0.03,0.02,0.62,0,10.64
pentaerythritol,PERYTO03,NNP,61.62,49.55,6.7,0,0,0.65,49.55,61.62,6.7,0,0,-0.65,6.7,6.7,19.93,0,0,0,0,0,0,3.48,0,0,0,0,0,0,3.48,0,0.65,-0.65,0,0,0,14.1
oxalic acid dihydrate ,OXACDH04,NNP,57.48,26.8,51.07,0.02,-9.2,0.05,26.8,23.89,23.81,0.02,-1.28,0.01,51.07,23.81,131.87,0,-29.76,0.06,0.02,0.02,0,6.17,-0.01,2.48,-9.2,-1.28,-29.76,-0.01,20.2,0,0.05,0.01,0.06,2.48,0,21.34
DC apohost,QQQESP01,NNP,17.6,8.59,10.58,0.23,-0.31,-0.01,8.59,17.57,10.47,-0.19,0.28,0.02,10.58,10.47,15.58,0.02,-0.05,0.01,0.23,-0.19,0.02,4.86,0,0.43,-0.31,0.28,-0.05,0,4.86,0.18,-0.01,0.02,0.01,0.43,0.18,4.31
RDX ,CTMTNA12,NNP,24.89,10.97,13.84,-0.01,-0.01,-0.03,10.97,22.89,8.25,-0.02,0.02,0,13.84,8.25,30.21,0.01,0.05,0,-0.01,-0.02,0.01,3.92,0,0,-0.01,0.02,0.05,0,6.68,0,-0.03,0,0,0,0,5.19
alpha-resorcinol,RESORA19,NNP,15.82,9.71,10.75,-0.01,-0.02,-0.01,9.71,16.15,13.38,0,-0.02,-0.01,10.75,13.38,16.45,0,0,-0.01,-0.01,0,0,4.91,0.01,0,-0.02,-0.02,0,0.01,3.34,-0.01,-0.01,-0.01,-0.01,0,-0.01,8.03
maleic acid,MALIAC11,NNP,74.58,16.61,2.46,0,1.16,-0.01,16.61,36.58,4.42,0,-0.26,0.01,2.46,4.42,17.76,0,0.22,0.02,0,0,0,2.3,0,0.2,1.16,-0.26,0.22,0,0.44,-0.01,-0.01,0.01,0.02,0.2,-0.01,14.02
POM,MNPYDO,NNP,11.66,9.65,9.85,0,0,0,9.65,20.35,13.28,0,-0.01,0,9.85,13.28,15.03,0,0,0.01,0,0,0,7.29,0,0,0,-0.01,0,0,5.13,0,0,0,0.01,0,0,4.95
PETN,PERYTN11,NNP,21.17,8.91,12.09,0,0.03,0.04,8.91,22.11,12.24,0,0,0.04,12.09,12.24,17.22,-0.01,0.02,0.06,0,0,-0.01,6.82,0,0,0.03,0,0.02,0,6.83,0,0.04,0.04,0.06,0,0,3.27
hippuric acid,HIPPAC,NNP,11.39,10.35,10.93,0.01,0,-0.03,10.35,21.93,8.82,0,0,0.02,10.93,8.82,15.62,0.01,0,0,0.01,0,0.01,1.31,0,0,0,0,0,0,4.95,0,-0.03,0.02,0,0,0,6.67
anthracene ,ANTCEN14,NNP,14.63,10.7,10.77,0.02,0.02,-0.02,10.7,14.68,7.26,0.01,1.07,0,10.77,7.26,30.03,-0.09,-5.47,0.01,0.02,0.01,-0.09,2.58,0.02,1.97,0.02,1.07,-5.47,0.02,3.24,0,-0.02,0,0.01,1.97,0,7.65
thiourea,THIOUR01,NNP,19.27,2.65,10.51,0.02,0.01,-0.01,2.65,38.83,6.15,-0.02,0,-0.02,10.51,6.15,17.43,0.04,0,0.04,0.02,-0.02,0.04,2.73,0.01,0,0.01,0,0,0.01,9.69,0,-0.01,-0.02,0.04,0,0,-0.17
HMT,HXMTAM03,NNP,11.86,5.62,5.62,0,0,0,5.62,11.86,5.62,0,0,0,5.62,5.62,11.86,0,0,0,0,0,0,6.15,0,0,0,0,0,0,6.15,0,0,0,0,0,0,6.15
3-nitroaniline,MNIANL05,NNP,14.85,6.48,11.77,0,-0.04,0.02,6.48,31.38,20.82,0.01,0,0,11.77,20.82,19.34,0,0.01,0,0,0.01,0,17.32,0,0,-0.04,0,0.01,0,4.59,0,0.02,0,0,0,0,3.25
iodic acid,ICSD-66643,NNP,35.05,12.51,11.1,0.03,0,-0.02,12.51,66.8,8.49,0.05,0,0.08,11.1,8.49,38.88,-0.06,0,-0.01,0.03,0.05,-0.06,10.1,0,-0.01,0,0,0,0,16.91,-0.01,-0.02,0.08,-0.01,-0.01,-0.01,14.54
acenaphthene,ACENAP03,NNP,15.98,7.61,9.03,0,0.01,-0.01,7.61,22.78,7.21,0,0.02,-0.05,9.03,7.21,15.07,0,0.01,0.02,0,0,0,1.35,0,0,0.01,0.02,0.01,0,2.91,0,-0.01,-0.05,0.02,0,0,1.85
benzophenone,BPHENO17,NNP,11.2,8.89,6.98,0.01,0,0,8.89,14.56,10.06,0.02,0,0,6.98,10.06,15.86,0.01,0,0,0.01,0.02,0.01,4.63,0,0,0,0,0,0,2.52,0,0,0,0,0,0,1.75
beta-resorcinol,RESORA24,NNP,15.78,7.67,9.56,0.07,-0.05,0,7.67,35.46,7.91,0.02,0,0.01,9.56,7.91,12.26,0,-0.06,0.01,0.07,0.02,0,7.3,-0.01,0,-0.05,0,-0.06,-0.01,7.69,0,0,0.01,0.01,0,0,3.06
rubrene,QQQCIG11,NNP,33.36,7.04,8.83,0,0.01,0.01,7.04,18.64,12.55,0,0,0,8.83,12.55,15.13,0,-0.01,0.01,0,0,0,7.18,0,0,0.01,0,-0.01,0,4.6,0,0.01,0,0.01,0,0,4.8
TCNE,TCYETY01,NNP,28.64,5.17,5.16,0.03,-0.02,0.01,5.17,28.63,5.15,0.01,-0.04,-0.01,5.16,5.15,28.64,0.03,0,0.01,0.03,0.01,0.03,6.59,-0.01,0,-0.02,-0.04,0,-0.01,6.6,0,0.01,-0.01,0.01,0,0,6.59
"1,2,4,5-tetrabromobenzene",TETBBZ03,NNP,12.41,8.22,10.16,-0.02,0.14,0,8.22,23.54,16.9,-0.01,-3.53,0,10.16,16.9,14.97,0.01,-1.24,-0.01,-0.02,-0.01,0.01,12.64,0,-3.08,0.14,-3.53,-1.24,0,3.7,0,0,0,-0.01,-3.08,0,4.97
phthalic acid,PHTHAC02,NNP,20.79,14.96,14.02,-0.01,-6.36,-0.01,14.96,32.45,15.62,0,-3.8,-0.05,14.02,15.62,25.73,-0.01,-5.59,-0.01,-0.01,0,-0.01,16.03,0,-11.21,-6.36,-3.8,-5.59,0,9.25,0.01,-0.01,-0.05,-0.01,-11.21,0.01,11.66
taurine,TAURIN03,NNP,40.69,26.92,18.48,0,1.52,0,26.92,56.2,19.27,0,5.49,0,18.48,19.27,17.85,0.01,0.43,0,0,0,0.01,9.67,0,-0.35,1.52,5.49,0.43,0,10.63,0,0,0,0,-0.35,0,12.42
tolane,DPHACT03,NNP,13.9,8.85,6.76,0,-3.12,0.05,8.85,11.49,9.44,0,0.08,0.01,6.76,9.44,12.77,0,2.67,0.03,0,0,0,1.98,0,0.38,-3.12,0.08,2.67,0,4.33,-0.03,0.05,0.01,0.03,0.38,-0.03,3.34
"1,3-dinitrobenzene",DNBENZ10,NNP,33.04,11.16,8.14,0,0,0.07,11.16,22.61,12.04,0,-0.01,-0.15,8.14,12.04,16.68,0,0,-0.05,0,0,0,6.61,0,0,0,-0.01,0,0,2.28,0,0.07,-0.15,-0.05,0,0,6.74
aspirin,ACSALA07,NNP,18.32,11.3,9.95,0.01,-0.33,0.01,11.3,17.9,10.4,-0.02,-0.16,0.07,9.95,10.4,16.6,0.01,0.17,0.01,0.01,-0.02,0.01,4.62,0,0.76,-0.33,-0.16,0.17,0,2.68,0,0.01,0.07,0.01,0.76,0,7.8
